5140309295
5140309296
5140309297
5140309298
5140309299
5140309300
5140309301
5140309302
5140309303
5140309304
5140309305
5140309306
5140309307
5140309308
5140309309
5140309310
5140309311
5140309312
5140309313
5140309314
5140309315
5140309316
5140309317
5140309318
5140309319
5140309320
5140309321
5140309322
5140309323
5140309324
5140309325
5140309326
5140309327
5140309328
5140309329
5140309330
5140309331
5140309332
5140309333
5140309334
5140309335
5140309336
5140309337
5140309338
5140309339
5140309340
5140309341
5140309342
5140309343
5140309344
5140309345
5140309346
5140309347
5140309348
5140309349
5140309350
5140309351
5140309352
5140309353
5140309354
5140309355
